VBIAS=90
VDIFFERENCEMAX=160
HARDWAREFILTERBW=2200
ILUT_ANG_X=15
ILUT_ANG_Y=15
ILUT_ROWS=12
ILUT_COLS=12
ILUT_X_Y_VALUES=-0.666232,-0.686937;-0.527333,-0.695905;-0.402537,-0.704698;-0.28969,-0.711594;-0.18213,-0.717007;-0.0711638,-0.721254;0.0429008,-0.723864;0.155246,-0.726011;0.26399,-0.726234;0.375484,-0.725285;0.498408,-0.722501;0.637454,-0.718402;-0.668968,-0.540512;-0.527177,-0.546282;-0.401361,-0.551384;-0.288034,-0.555618;-0.178678,-0.559904;-0.0675222,-0.562324;0.0486686,-0.564385;0.160824,-0.566559;0.270286,-0.56612;0.38433,-0.565436;0.507721,-0.56446;0.644907,-0.562023;-0.669506,-0.408404;-0.527561,-0.412855;-0.401485,-0.417535;-0.288643,-0.419809;-0.178068,-0.419297;-0.0624007,-0.422727;0.0532596,-0.422931;0.166592,-0.42363;0.276893,-0.425366;0.39032,-0.424617;0.514213,-0.424923;0.654147,-0.424312;-0.670865,-0.289491;-0.527131,-0.291275;-0.400523,-0.29639;-0.287348,-0.298998;-0.176721,-0.300458;-0.0617205,-0.302512;0.0550387,-0.302591;0.169066,-0.303581;0.280428,-0.302656;0.393134,-0.303351;0.518685,-0.30055;0.662188,-0.299434;-0.670914,-0.175876;-0.526033,-0.177185;-0.400326,-0.181384;-0.286656,-0.182051;-0.176206,-0.182496;-0.0611132,-0.183844;0.0565894,-0.183851;0.170961,-0.184312;0.28269,-0.184912;0.394263,-0.184053;0.522373,-0.181973;0.666617,-0.181325;-0.671763,-0.059229;-0.526362,-0.0596796;-0.39879,-0.0591787;-0.286276,-0.0606875;-0.174997,-0.0614588;-0.0604805,-0.0607871;0.0561926,-0.060794;0.172091,-0.0610736;0.284888,-0.0607177;0.395955,-0.0606893;0.525391,-0.0612395;0.669567,-0.0606718;-0.671776,0.0600932;-0.526049,0.0604077;-0.398753,0.0614006;-0.285446,0.0617497;-0.174423,0.0617321;-0.0604759,0.0605052;0.0561771,0.0625714;0.173216,0.0621623;0.284794,0.0622961;0.397643,0.0629526;0.525591,0.0621579;0.669933,0.0629903;-0.670665,0.176248;-0.526391,0.177763;-0.400853,0.182454;-0.286021,0.181908;-0.175421,0.184476;-0.0603952,0.185046;0.056585,0.184053;0.173272,0.185559;0.28444,0.18547;0.395572,0.185751;0.523873,0.1834;0.66806,0.182999;-0.670414,0.289489;-0.526385,0.292873;-0.399204,0.297617;-0.285193,0.299043;-0.174339,0.300445;-0.0609638,0.302057;0.0558451,0.302849;0.170698,0.303715;0.28189,0.303642;0.395159,0.304449;0.52077,0.301152;0.664107,0.300339;-0.668162,0.408462;-0.526013,0.412551;-0.400813,0.41854;-0.287132,0.420701;-0.176904,0.42173;-0.0610056,0.422274;0.0542269,0.423334;0.169172,0.424776;0.278997,0.42523;0.393292,0.423501;0.517294,0.42492;0.657622,0.423376;-0.668045,0.539589;-0.524321,0.545111;-0.399838,0.549401;-0.286295,0.554344;-0.176827,0.558176;-0.0661276,0.560791;0.0510962,0.562917;0.16245,0.564476;0.272998,0.564839;0.386257,0.564721;0.510944,0.562373;0.649299,0.561058;-0.664897,0.685712;-0.525047,0.692962;-0.400108,0.701094;-0.287723,0.707522;-0.17944,0.713761;-0.0679978,0.717426;0.0465008,0.71936;0.159034,0.721184;0.268317,0.721949;0.380194,0.720554;0.503316,0.718294;0.641255,0.715113
